0      0.00004977
1     -0.00009546
2     -0.00010729
3     -0.00009041
4     -0.00022796
5     -0.00034932
6     -0.00008314
7      0.00033608
8      0.00020148
9     -0.00047648
10     -0.00085364
11     -0.00050758
12      0.00005430
13      0.00024737
14      0.00011030
15      0.00001442
16      0.00011205
17      0.00027831
18      0.00033106
19      0.00015468
20     -0.00013687
21     -0.00011694
22      0.00035687
23      0.00044209
24     -0.00060994
25     -0.00138530
26      0.00034266
27      0.00269542
28      0.00021660
29     -0.00547492
30     -0.00206580
31      0.01095810
32      0.00412944
33     -0.04241182
34     -0.08737513
35     -0.07037352
36      0.00201377
37      0.06914445
38      0.09672200
39      0.09412643
40      0.07316768
41      0.03386686
42     -0.01324832
43     -0.04154459
44     -0.03574027
45     -0.01067979
46      0.00689784
47      0.00519253
48     -0.00954047
49     -0.02573165
50     -0.03532658
51     -0.03550551
52     -0.02766677
53     -0.01569019
54     -0.00378430
55      0.00548281
56      0.01120234
57      0.01289798
58      0.01096348
59      0.00734875
60      0.00387773
61      0.00091199
62     -0.00144344
63     -0.00261853
64     -0.00267991
65     -0.00237749
66     -0.00153738
67      0.00092320
68      0.00419604
69      0.00425105
70     -0.00059955
71     -0.00200376
72      0.01059532
73      0.02802389
74      0.02392905
75     -0.00826228
76     -0.04097776
77     -0.04750767
78     -0.03040971
79     -0.00663410
80      0.01450006
81      0.02949108
82      0.03235311
83      0.01986242
84     -0.00015810
85     -0.01366197
86     -0.01275078
87     -0.00075452
88      0.01227343
89      0.01761240
90      0.01416346
91      0.00736211
92      0.00122591
93     -0.00587762
94     -0.01568661
95     -0.02372284
96     -0.02259821
97     -0.01048960
98      0.00674824
99      0.02077707
100      0.02579749
101      0.02058234
102      0.00873834
103     -0.00339914
104     -0.01053703
105     -0.01063533
106     -0.00506622
107      0.00183906
108      0.00495724
109      0.00239733
110     -0.00307594
111     -0.00749463
112     -0.00929036
113     -0.00884071
114     -0.00664917
115     -0.00348703
116     -0.00062315
117      0.00138465
118      0.00297733
119      0.00439321
120      0.00523875
121      0.00506139
122      0.00375225
123      0.00176644
124     -0.00000552
125     -0.00108626
126     -0.00179145
127     -0.00222779
128     -0.00175609
129     -0.00043711
130      0.00014543
131     -0.00061956
132      0.00016822
133      0.00587194
134      0.01381011
135      0.01536985
136      0.00545602
137     -0.01086750
138     -0.02358748
139     -0.02663422
140     -0.02008495
141     -0.00762064
142      0.00544737
143      0.01376831
144      0.01440964
145      0.00857180
146      0.00097806
147     -0.00294298
148     -0.00080272
149      0.00504245
150      0.01008654
151      0.01164413
152      0.00967925
153      0.00502719
154     -0.00161360
155     -0.00912202
156     -0.01533413
157     -0.01748320
158     -0.01373916
159     -0.00486659
160      0.00564711
161      0.01349406
162      0.01589382
163      0.01276428
164      0.00639905
165      0.00010195
166     -0.00344834
167     -0.00343952
168     -0.00119138
169      0.00090704
170      0.00107153
171     -0.00088597
172     -0.00382235
173     -0.00634312
174     -0.00763087
175     -0.00747881
176     -0.00605026
177     -0.00378000
178     -0.00125326
179      0.00107455
180      0.00308143
181      0.00471200
182      0.00554057
183      0.00508233
184      0.00360462
185      0.00200040
186      0.00071298
187     -0.00055063
188     -0.00176715
189     -0.00207944
190     -0.00105561
191     -0.00021220
192     -0.00220253
193     -0.00668445
194     -0.00736667
195      0.00073945
196      0.00707951
197     -0.00790329
198     -0.02962659
199      0.02081708
