0     -0.00310989
1      0.00245426
2     -0.00343979
3     -0.01725654
4     -0.02865246
5     -0.02815239
6     -0.01492461
7      0.00528255
8      0.02644540
9      0.04256724
10      0.04674000
11      0.03588628
12      0.01474287
13     -0.00748191
14     -0.02327508
15     -0.02918667
16     -0.02512803
17     -0.01372378
18      0.00064798
19      0.01360062
20      0.02174748
21      0.02299987
22      0.01759946
23      0.00891437
24      0.00172823
25     -0.00114146
26     -0.00043007
27      0.00106238
28      0.00055418
29     -0.00363418
30     -0.01104529
31     -0.01861453
32     -0.02251146
33     -0.02085467
34     -0.01437122
35     -0.00532767
36      0.00331879
37      0.00875938
38      0.00954612
39      0.00607235
40     -0.00003795
41     -0.00668370
42     -0.01177471
43     -0.01379720
44     -0.01237477
45     -0.00823380
46     -0.00268355
47      0.00281969
48      0.00696480
49      0.00883488
50      0.00818803
51      0.00567442
52      0.00251290
53     -0.00028145
54     -0.00211981
55     -0.00248382
56     -0.00122022
57      0.00077189
58      0.00239459
59      0.00406546
60      0.00685914
61      0.00954830
62      0.00864246
63      0.00252608
64     -0.00585821
65     -0.01151441
66     -0.01156341
67     -0.00640544
68      0.00163578
69      0.00940855
70      0.01365754
71      0.01255844
72      0.00707299
73      0.00030805
74     -0.00460987
75     -0.00613348
76     -0.00456003
77     -0.00136439
78      0.00188591
79      0.00417901
80      0.00483489
81      0.00336848
82      0.00014633
83     -0.00320516
84     -0.00473180
85     -0.00347226
86      0.00010905
87      0.00436705
88      0.00709245
89      0.00669922
90      0.00328300
91     -0.00151201
92     -0.00559157
93     -0.00741986
94     -0.00651818
95     -0.00362296
96     -0.00030678
97      0.00202253
98      0.00285155
99      0.00234389
100      0.00089039
101     -0.00091965
102     -0.00236196
103     -0.00294832
104     -0.00262399
105     -0.00159214
106     -0.00014042
107      0.00133019
108      0.00233325
109      0.00254961
110      0.00199386
111      0.00087726
112     -0.00052018
113     -0.00177382
114     -0.00237439
115     -0.00208031
116     -0.00114614
117     -0.00014824
118      0.00049976
119      0.00102005
120      0.00207973
121      0.00376571
122      0.00501067
123      0.00450421
124      0.00196775
125     -0.00176944
126     -0.00551672
127     -0.00815446
128     -0.00875832
129     -0.00694153
130     -0.00317298
131      0.00136241
132      0.00527735
133      0.00757157
134      0.00792648
135      0.00651063
136      0.00375540
137      0.00047207
138     -0.00222953
139     -0.00352209
140     -0.00331995
141     -0.00217827
142     -0.00089244
143     -0.00007812
144      0.00014605
145      0.00016769
146      0.00050458
147      0.00137992
148      0.00261607
149      0.00376816
150      0.00428979
151      0.00376908
152      0.00217857
153     -0.00009832
154     -0.00245315
155     -0.00428889
156     -0.00519462
157     -0.00500998
158     -0.00383930
159     -0.00207044
160     -0.00027036
161      0.00104565
162      0.00156440
163      0.00121747
164      0.00024190
165     -0.00088291
166     -0.00172147
167     -0.00207121
168     -0.00190098
169     -0.00130859
170     -0.00056531
171     -0.00001162
172      0.00016463
173      0.00000277
174     -0.00029665
175     -0.00047293
176     -0.00040069
177     -0.00023455
178     -0.00022607
179     -0.00037609
180     -0.00036124
181      0.00014483
182      0.00108057
183      0.00198877
184      0.00242177
185      0.00224207
186      0.00152387
187      0.00045718
188     -0.00052926
189     -0.00084244
190     -0.00017523
191      0.00114418
192      0.00224188
193      0.00226788
194      0.00125752
195      0.00016383
196     -0.00084519
197     -0.00336987
198     -0.00693535
199     -0.00333500
