0      0.04388722
1      0.03866985
2      0.00846671
3     -0.01714079
4     -0.02101234
5     -0.00377956
6      0.02139054
7      0.03938367
8      0.04237068
9      0.03297636
10      0.02062980
11      0.01440632
12      0.01726374
13      0.02509897
14      0.03054276
15      0.02843475
16      0.01925014
17      0.00838767
18      0.00196740
19      0.00203080
20      0.00454062
21      0.00191138
22     -0.01130726
23     -0.03361947
24     -0.05651217
25     -0.06981734
26     -0.06913881
27     -0.05995142
28     -0.05490037
29     -0.06523799
30     -0.09197096
31     -0.12327629
32     -0.14112343
33     -0.13338426
34     -0.10288585
35     -0.06581064
36     -0.03938211
37     -0.02715913
38     -0.01354088
39      0.02635312
40      0.10659645
41      0.21413280
42      0.30996034
43      0.35067251
44      0.31857294
45      0.23923057
46      0.17069583
47      0.16670908
48      0.23550069
49      0.32334399
